2 0 0 0 0 2 0 1 0 0 0 0 0 0 0 0 2 2 2 2 2 2 2 0 0 0 2 2 2 2 2 0 0 0 0 2 2 2 0 0 0 0 \n
2 0 2 2 2 2 0 1 0 2 2 2 2 0 0 2 2 2 2 2 2 2 2 2 0 0 2 0 0 0 2 0 0 2 2 2 2 2 2 2 0 0 \n
2 0 0 0 0 2 0 1 0 2 0 0 2 0 2 2 2 2 2 2 2 2 2 2 2 0 2 2 0 2 2 0 2 2 2 2 4 2 2 2 2 0 \n
2 0 2 2 2 2 0 1 0 2 0 0 2 0 2 2 2 2 2 2 2 2 2 2 2 0 0 2 0 2 0 2 2 2 2 4 4 4 2 2 2 2 \n
2 0 0 0 0 2 0 1 0 0 0 0 0 0 0 2 2 2 2 2 2 2 2 2 0 0 0 2 0 2 0 2 2 2 4 4 4 4 4 2 2 2 \n
2 2 2 2 0 2 0 1 1 1 1 1 0 0 0 0 0 2 2 2 2 2 0 0 0 2 0 2 0 2 0 2 2 2 2 4 4 4 2 2 2 2 \n
0 2 0 0 0 0 0 0 0 0 0 1 0 2 2 0 0 0 0 0 0 0 0 0 0 2 0 2 0 2 0 0 2 2 2 2 4 2 2 2 2 0 \n
0 2 0 0 0 0 2 2 2 2 0 1 0 2 2 0 0 0 0 2 0 0 2 0 0 0 0 0 0 0 0 0 0 2 2 2 2 2 2 2 0 0 \n
0 0 0 0 2 0 0 0 0 0 0 0 0 0 0 0 0 0 2 2 2 0 0 0 2 2 2 2 2 2 2 0 0 0 0 2 2 2 0 0 0 0 \n
0 0 2 0 0 0 0 0 2 2 0 1 0 2 2 0 2 0 0 1 0 0 0 0 0 0 0 0 0 0 0 0 0 0 0 0 0 0 0 0 2 0 \n
0 0 2 0 2 2 2 0 2 2 0 1 0 2 2 0 2 0 0 0 0 0 0 0 2 2 2 0 0 0 2 2 2 0 2 2 2 2 0 0 2 0 \n
0 0 2 0 0 0 0 0 0 0 0 1 0 0 0 0 2 2 2 2 2 0 0 2 2 2 2 2 0 0 2 2 2 0 0 0 0 0 0 0 0 0 \n
0 0 2 0 0 0 0 0 0 0 0 1 1 1 1 0 2 0 0 2 0 0 2 2 2 2 2 2 2 0 0 0 0 0 2 0 0 2 2 2 2 0 \n
0 0 0 0 0 0 0 0 2 0 0 0 0 0 1 0 2 0 0 2 0 0 2 2 2 1 2 2 2 0 0 0 0 0 2 0 0 0 0 0 0 0 \n
2 2 2 2 0 2 0 2 2 2 0 0 0 0 1 0 0 0 0 2 0 0 0 2 2 1 2 2 0 0 0 0 2 2 2 2 2 2 2 0 0 0 \n
0 0 0 0 0 2 0 2 2 2 0 0 1 1 1 1 1 0 0 2 0 0 0 0 0 1 0 0 0 0 0 0 0 0 0 2 0 0 0 0 0 0 \n
0 0 2 0 0 2 0 0 2 0 0 1 1 1 1 1 1 1 0 0 0 2 2 2 0 1 0 0 0 2 0 0 2 0 0 2 0 0 0 0 0 0 \n
2 0 2 0 0 2 0 0 0 0 1 1 1 1 1 1 1 1 1 0 0 0 0 0 0 1 0 2 2 2 2 0 2 0 0 2 0 0 0 0 2 2 \n
2 0 2 0 0 2 0 0 0 0 1 1 1 0 0 0 1 1 1 0 0 2 0 0 0 1 0 0 0 2 0 0 2 0 0 0 0 2 2 2 2 2 \n
2 0 2 0 2 2 2 0 0 0 1 1 1 0 0 0 1 1 1 0 2 2 2 0 0 1 0 0 0 0 0 0 2 2 2 0 2 2 2 2 2 2 \n
2 0 0 0 0 0 0 0 0 0 1 1 1 0 0 0 1 1 1 0 2 2 2 0 0 1 1 1 1 1 1 0 0 0 0 0 0 0 0 0 2 2 \n
2 2 2 2 2 0 0 0 0 0 1 1 1 1 1 1 1 1 1 0 2 2 2 0 0 0 0 0 0 0 1 0 2 2 2 0 2 2 2 2 2 2 \n
0 0 0 0 2 0 2 0 0 0 0 1 1 1 1 1 1 1 0 0 0 2 0 0 0 2 2 2 0 0 1 0 2 0 0 0 0 2 2 2 2 2 \n
0 0 0 0 2 0 2 0 0 0 0 0 1 1 1 1 1 0 0 0 0 0 0 0 0 2 2 2 0 0 1 0 2 0 2 2 0 0 0 0 2 2 \n
0 0 2 0 0 0 2 0 2 2 0 0 0 0 1 0 0 0 0 0 0 2 2 2 0 0 0 0 0 0 1 0 2 0 2 0 0 0 0 0 0 0 \n
0 2 2 2 0 0 2 0 2 2 2 2 0 0 1 0 0 0 2 2 0 0 0 0 0 0 2 0 0 0 1 0 0 0 2 2 2 2 0 0 0 0 \n
0 2 2 2 0 0 0 0 2 2 2 0 0 0 1 0 2 2 2 2 2 2 0 0 2 0 0 0 1 1 1 1 1 0 0 0 0 0 0 0 2 0 \n
0 0 2 0 0 0 0 0 0 0 0 0 0 0 1 0 2 2 2 2 2 2 0 0 2 0 0 1 1 1 1 1 1 1 0 0 2 2 2 2 2 0 \n
2 0 0 0 2 0 0 2 1 1 1 1 1 1 1 0 0 2 2 2 2 0 0 0 2 0 0 0 1 1 1 1 1 0 0 0 2 0 0 0 2 0 \n
2 2 0 2 2 2 0 0 1 0 0 0 0 0 2 0 0 0 2 2 0 0 2 2 2 2 0 0 0 1 1 1 0 0 0 0 0 0 0 0 0 0 \n
2 2 0 2 2 2 0 0 1 0 0 0 0 0 2 0 2 0 0 0 0 0 0 0 0 0 0 0 0 0 0 0 0 2 2 2 2 0 2 2 2 0 \n
2 0 0 0 2 0 0 0 1 0 2 2 2 2 2 0 2 2 2 2 0 2 2 2 2 2 2 0 0 0 0 2 0 0 0 2 0 0 0 2 0 0 \n
0 0 0 0 0 0 0 0 0 0 0 0 0 0 0 0 0 0 0 0 0 0 0 0 0 0 2 0 0 2 2 2 2 2 0 2 0 2 0 2 0 2 \n
0 2 0 2 2 2 2 0 1 0 2 2 2 0 2 2 2 2 2 2 2 2 2 2 0 2 2 0 0 0 0 0 0 0 0 0 0 0 0 2 0 2 \n
0 2 0 0 0 0 2 0 1 0 0 2 0 0 2 0 0 0 0 0 0 0 0 2 0 2 0 0 2 2 2 2 3 2 2 2 2 0 0 2 0 2 \n
0 2 2 2 0 0 2 0 1 0 0 2 0 0 2 0 2 2 2 2 2 2 0 2 0 0 0 2 2 2 4 4 3 4 4 2 2 2 0 0 0 2 \n
0 2 0 0 0 0 2 0 1 0 0 0 0 0 2 0 2 0 0 0 0 2 0 2 0 0 2 2 4 4 4 4 3 4 4 4 4 2 2 0 0 2 \n
2 2 0 2 2 2 2 0 1 1 1 1 0 0 2 0 0 0 0 0 0 2 0 2 0 0 2 2 4 4 4 4 3 4 4 4 4 2 2 0 0 0 \n
2 0 0 0 0 0 2 0 0 0 0 1 0 0 2 2 2 2 2 2 2 2 0 2 0 2 2 4 4 4 4 4 3 4 4 4 4 4 2 2 0 0 \n
2 0 2 2 2 0 2 0 0 0 0 1 0 0 0 0 0 0 0 0 0 0 0 0 0 2 2 4 4 4 4 4 3 4 4 4 4 4 2 2 0 0 \n
2 0 0 0 0 0 2 0 0 0 0 1 0 0 2 2 2 2 2 2 2 2 2 2 0 2 2 4 4 4 4 4 4 4 4 4 4 4 2 2 0 0 \n
